<?xml version="1.0"?>
<opencv_storage>
<calibration_time>"jue 10 ene 2019 00:31:34 -05"</calibration_time>
<nr_of_frames>25</nr_of_frames>
<image_width>640</image_width>
<image_height>480</image_height>
<board_width>9</board_width>
<board_height>7</board_height>
<square_size>50.</square_size>
<fix_aspect_ratio>1.</fix_aspect_ratio>
<!-- flags: +fix_aspectRatio +fix_principal_point +zero_tangent_dist +fix_k4 +fix_k5 -->
<flags>6158</flags>
<fisheye_model>0</fisheye_model>
<camera_matrix type_id="opencv-matrix">
  <rows>3</rows>
  <cols>3</cols>
  <dt>d</dt>
  <data>
    6.4414818379558801e+02 0. 320. 0. 6.4414818379558801e+02 240. 0. 0.
    1.</data></camera_matrix>
<distortion_coefficients type_id="opencv-matrix">
  <rows>5</rows>
  <cols>1</cols>
  <dt>d</dt>
  <data>
    -1.7036014540863484e-01 -9.3626683989939021e+00 0. 0.
    9.9458156469634488e+01</data></distortion_coefficients>
<avg_reprojection_error>3.4326784031015939e-01</avg_reprojection_error>
<per_view_reprojection_errors type_id="opencv-matrix">
  <rows>25</rows>
  <cols>1</cols>
  <dt>f</dt>
  <data>
    3.49485964e-01 3.19771022e-01 3.14440787e-01 3.46015453e-01
    3.28296274e-01 3.23688895e-01 3.23167443e-01 3.08994770e-01
    3.33670706e-01 3.14927429e-01 3.35638613e-01 3.62428308e-01
    3.56230974e-01 3.24466318e-01 3.37008327e-01 3.68000865e-01
    3.54877174e-01 3.41415912e-01 3.68326634e-01 3.64863366e-01
    3.55660349e-01 3.82172585e-01 3.54955643e-01 3.52369070e-01
    3.47357839e-01</data></per_view_reprojection_errors>
<!-- a set of 6-tuples (rotation vector + translation vector) for each view -->
<extrinsic_parameters type_id="opencv-matrix">
  <rows>25</rows>
  <cols>6</cols>
  <dt>d</dt>
  <data>
    -4.2210168114342711e-01 3.0094271377348575e-01
    1.0414426940818096e-01 2.0685124859363711e+01 2.9385241201500367e+01
    2.0765973820848808e+03 -4.2356620407723589e-01
    3.0202737919706613e-01 1.0450346057181020e-01 2.0865870293907783e+01
    2.9385712107849198e+01 2.0757260308607133e+03
    -4.2203770938954044e-01 3.0113135993120382e-01
    1.0465311682698637e-01 2.1185056671706430e+01 2.9447928259399024e+01
    2.0757817978369885e+03 -4.2182377363317802e-01
    3.0104924005800326e-01 1.0532923046015191e-01 2.1167750096873462e+01
    2.8839365953935786e+01 2.0758427284390368e+03
    -4.2216751751614101e-01 3.0096588361791482e-01
    1.0590399717513264e-01 2.0852090017555085e+01 2.8399131213747818e+01
    2.0750345324710993e+03 -4.1756407883038471e-01
    3.0167918788020059e-01 1.0659365384322519e-01 2.1201490146716562e+01
    2.9201215048311003e+01 2.0745491034007755e+03
    -4.1837214146055468e-01 2.9934779159642466e-01
    1.0750642699068096e-01 2.1644137705415222e+01 2.9279404876730318e+01
    2.0750540756534515e+03 -4.1762039251180150e-01
    3.0060962733312380e-01 1.0739395741644546e-01 2.1560429714700280e+01
    2.8639823532044730e+01 2.0726445684855921e+03
    -4.2092184976831637e-01 3.0028339005751342e-01
    1.0754592169716026e-01 2.2245083428329487e+01 2.8858911099045404e+01
    2.0736200155331094e+03 -4.2153532293453100e-01
    3.0078251054831034e-01 1.0719785551656341e-01 2.2482348228880095e+01
    2.8885027029412434e+01 2.0738498168932474e+03
    -4.1937835871010293e-01 3.0032606815083934e-01
    1.0680583888765263e-01 2.1976781289419527e+01 2.8625367823032303e+01
    2.0726006909815328e+03 -4.2395849655119183e-01
    3.0085271552151260e-01 1.0770330818395046e-01 2.1918575717199079e+01
    3.0047168899000454e+01 2.0758962207369336e+03
    -4.2251053639235958e-01 3.0096361864116233e-01
    1.0685828022558794e-01 2.1173571212276560e+01 2.9370318620018445e+01
    2.0750819392672797e+03 -4.2327270551947488e-01
    3.0128454217196526e-01 1.0627391605066852e-01 2.0335013000687731e+01
    2.8563651249036905e+01 2.0741284162084953e+03
    -4.2249206790272098e-01 3.0319137968584997e-01
    1.0540148074483592e-01 2.0392748135065535e+01 2.8601836003039438e+01
    2.0745208559750699e+03 -4.2747407443827301e-01
    3.0159572624401670e-01 1.0539850206485255e-01 2.0419757535655982e+01
    2.9025353530762008e+01 2.0770840637586875e+03
    -4.2481001998150247e-01 3.0084805212395155e-01
    1.0506075104581174e-01 1.9724159083540741e+01 2.8007095537536458e+01
    2.0767889348210570e+03 -4.2454702998634464e-01
    2.9978502447923788e-01 1.0423935750262865e-01 1.8821651605342460e+01
    2.7686906075624549e+01 2.0759481306423131e+03
    -4.3052758008050185e-01 3.0099326440610308e-01
    1.0541933528497020e-01 1.9521543432961614e+01 2.8068726617287520e+01
    2.0774040381133691e+03 -4.2493853664894299e-01
    3.0197839150553379e-01 1.0573263107210065e-01 1.8955204650781482e+01
    2.6736011495610892e+01 2.0758773186106223e+03
    -4.2714227382944658e-01 3.0073831152716396e-01
    1.0555059232387780e-01 1.8455476526210241e+01 2.6542586257794284e+01
    2.0771415832856915e+03 -4.3034904076986841e-01
    3.0183509377188911e-01 1.0501778076499081e-01 1.8318970626757686e+01
    2.7013264722361289e+01 2.0786427327058500e+03
    -4.2479000728420668e-01 3.0262818629698962e-01
    1.0544895088092877e-01 1.7548239353384670e+01 2.5822382160138837e+01
    2.0766471460924590e+03 -4.2758909991165200e-01
    3.0177601908905122e-01 1.0551177542818169e-01 1.7069672682138297e+01
    2.5387029939733829e+01 2.0751136386619528e+03
    -4.2544181431294353e-01 3.0460416864394324e-01
    1.0517678778487072e-01 1.7678458044531489e+01 2.6012518724008920e+01
    2.0773958064273747e+03</data></extrinsic_parameters>
