<?xml version="1.0"?>
<opencv_storage>
<calibration_time>"lun 11 feb 2019 08:24:33 -05"</calibration_time>
<nr_of_frames>25</nr_of_frames>
<image_width>640</image_width>
<image_height>480</image_height>
<board_width>5</board_width>
<board_height>4</board_height>
<square_size>4.4299999237060547e+01</square_size>
<!-- flags: +zero_tangent_dist +fix_k4 +fix_k5 -->
<flags>6152</flags>
<fisheye_model>0</fisheye_model>
<camera_matrix type_id="opencv-matrix">
  <rows>3</rows>
  <cols>3</cols>
  <dt>d</dt>
  <data>
    6.9647212952430436e+02 0. 3.4756727175678225e+02 0.
    6.9726445108625080e+02 2.6892360504500755e+02 0. 0. 1.</data></camera_matrix>
<distortion_coefficients type_id="opencv-matrix">
  <rows>5</rows>
  <cols>1</cols>
  <dt>d</dt>
  <data>
    -4.1512572906325695e-01 3.1956865414664337e-01
    -2.9180501055171715e-03 -6.5989820274889267e-03
    -2.6810708601573441e-01</data></distortion_coefficients>
<avg_reprojection_error>3.0326563977194709e-01</avg_reprojection_error>
<per_view_reprojection_errors type_id="opencv-matrix">
  <rows>25</rows>
  <cols>1</cols>
  <dt>f</dt>
  <data>
    5.65766811e-01 2.71763772e-01 5.39112389e-01 4.24991906e-01
    4.76693183e-01 2.32066140e-01 2.68867224e-01 2.04270780e-01
    2.44810134e-01 1.61434188e-01 2.44539455e-01 2.87100822e-01
    2.54713982e-01 1.83954999e-01 3.69854420e-01 3.92616302e-01
    1.87101036e-01 1.98268741e-01 2.31446445e-01 2.20425636e-01
    1.65685564e-01 2.27933556e-01 2.65447795e-01 2.53968626e-01
    1.73833087e-01</data></per_view_reprojection_errors>
<!-- a set of 6-tuples (rotation vector + translation vector) for each view -->
<extrinsic_parameters type_id="opencv-matrix">
  <rows>25</rows>
  <cols>6</cols>
  <dt>d</dt>
  <data>
    -2.9353799380520007e+00 -1.4788139147832372e-02
    1.1574958289626092e-01 -1.1541664411664824e+02
    1.6823439817778606e+01 5.2445498611384312e+02
    -3.0118104966749919e+00 3.5400624682611875e-02
    1.6585159679844839e-02 -1.5214709524158422e+02
    -6.0944326850246124e+00 6.1722669871663834e+02
    -2.6821373927520420e+00 -1.2377300425568097e-02
    -2.3559715412791690e-01 -9.1244181584109398e+01
    -1.4960802098381922e+01 6.2062530174345522e+02
    2.8300792831918953e+00 1.4184924659351147e-01
    -6.6201711855168127e-02 -9.2642562205501079e+01
    6.3107979889700779e+01 5.7943802550287262e+02
    -2.9801175107081646e+00 -7.4236173109950877e-03
    -2.6551559077127013e-01 -1.5246261504622643e+02
    1.5525224707478947e+02 6.3040043882720624e+02
    -2.4331162775472537e+00 3.5324528243794723e-01
    -3.2611024511654657e-01 -1.0881865160501216e+02
    1.0762390575296376e+01 6.7044233285622647e+02
    -2.6723776569111757e+00 3.3753686438036495e-01
    -2.8182245934627792e-01 -7.7819068793539842e+01
    -9.5316566305945756e+00 6.2349958619690472e+02
    2.9371082636090908e+00 1.6199140224850203e-01
    -5.4291639798190842e-02 6.2676071713551337e+01
    -1.0627988902958644e+02 6.4232982935574012e+02
    -2.4399212775850536e+00 -2.1793582013641868e-01
    9.4599291368194593e-01 8.1951967645300329e+01
    -1.0830072351327470e+02 7.1601829658325801e+02
    2.9831695527950570e+00 -2.6349988435597691e-02
    -4.6926383257974374e-01 3.1125441077307190e+01
    4.4752761620858806e+01 5.8061494688149639e+02
    -2.7290026815322816e+00 1.0673355859316194e-01
    3.9502941707561572e-02 2.9467193908846465e+01 1.3833501642070456e+02
    6.3110098203872803e+02 -2.5803591624896423e+00
    1.0874227655958789e-01 -1.5520518544365577e-01
    -2.1883599513076345e+02 -3.3333259971715194e+01
    7.1821344621348840e+02 3.1362993268079142e+00 1.8576384353065678e-01
    -4.1288536740844051e-01 -2.2059189855323416e+02
    -1.1067242040392196e+02 7.1952093149034317e+02
    -2.9415950755208811e+00 4.9781409542240718e-01
    -2.9249485278160653e-01 -2.0605370800497460e+02
    1.3202406696826139e+02 7.0500772231663382e+02 3.0178635074176188e+00
    3.4222723015913487e-01 -1.4923295779256579e-01
    -2.8410851873528884e+02 9.2902630563987344e+01
    7.3743317234712345e+02 2.8972281366471395e+00
    -4.6291281507681969e-01 5.5234820160061752e-03
    -1.7943603857721351e+02 1.9598095005779993e+02
    6.9732000014178868e+02 -2.9659713265131105e+00
    -1.0436375615460262e-01 -1.4280375837842904e-01
    -3.2676787320676561e+02 1.1350382686595411e+02
    7.6823937846106537e+02 -2.9104031552996901e+00
    1.7635294328622617e-01 -1.4085501226160105e-01
    -3.3289886578867407e+02 2.2372434535421814e+02
    8.2034928610728900e+02 -2.4533221805402912e+00
    -2.4894313989728598e-01 2.2815431224372316e-02
    -3.4989330733636939e+02 -6.2763799523541486e+01
    8.4069570071506325e+02 -2.6908040075311810e+00
    1.5014433956184955e-01 -3.1207607882900262e-01
    -3.1438931713924126e+02 -1.2155369194289436e+02
    7.7155394324983797e+02 -2.8944510618639323e+00
    1.2910455681025713e-02 2.4887839396840886e-01
    -4.8938974867835348e+01 -6.2542289430530296e+01
    9.3761764379946942e+02 -2.6586683562418769e+00
    3.1121276713799167e-01 -9.0046783993278784e-02
    4.0725363906489264e+01 -1.5966644719280509e+02
    9.3694433798452133e+02 -2.3303844154632651e+00
    1.7397514744096773e-01 -7.7460991727933290e-02
    -3.4250080099465578e+01 8.4923224771881571e+00
    9.7612822441468006e+02 -2.6660292304362518e+00
    -4.3791758946233905e-01 -1.0450192386392866e-02
    -7.9477844596544656e+01 3.5405906051683793e+01
    9.6665342837202081e+02 -3.0921429481806224e+00
    4.5155181248151527e-01 -5.6719817603566321e-02
    6.2387441046175475e+01 2.5625873054675873e+02 9.1570053268889956e+02</data></extrinsic_parameters>
