<?xml version="1.0"?>
<opencv_storage>
<calibration_time>"lun 18 feb 2019 16:22:40 -05"</calibration_time>
<nr_of_frames>25</nr_of_frames>
<image_width>640</image_width>
<image_height>480</image_height>
<board_width>5</board_width>
<board_height>4</board_height>
<square_size>4.4299999237060547e+01</square_size>
<!-- flags: +zero_tangent_dist +fix_k4 +fix_k5 -->
<flags>6152</flags>
<fisheye_model>0</fisheye_model>
<camera_matrix type_id="opencv-matrix">
  <rows>3</rows>
  <cols>3</cols>
  <dt>d</dt>
  <data>
    6.9493214337974587e+02 0. 3.4378245382389491e+02 0.
    6.9552162877770684e+02 2.6583888749130614e+02 0. 0. 1.</data></camera_matrix>
<distortion_coefficients type_id="opencv-matrix">
  <rows>5</rows>
  <cols>1</cols>
  <dt>d</dt>
  <data>
    -4.1660630080508027e-01 3.1690562821400997e-01
    -1.5362690926393925e-03 -4.0815771873227600e-03
    -2.3461530774601685e-01</data></distortion_coefficients>
<avg_reprojection_error>2.9230761943496447e-01</avg_reprojection_error>
<per_view_reprojection_errors type_id="opencv-matrix">
  <rows>25</rows>
  <cols>1</cols>
  <dt>f</dt>
  <data>
    5.52446723e-01 2.54922509e-01 5.11190593e-01 3.89565080e-01
    4.36591893e-01 2.35934019e-01 2.48419061e-01 2.15854958e-01
    2.43048415e-01 1.45939842e-01 2.50871360e-01 2.86534011e-01
    2.58705765e-01 1.74315020e-01 4.04854923e-01 3.91855538e-01
    2.07710624e-01 1.61187857e-01 2.47107103e-01 2.01947659e-01
    1.38241380e-01 1.90114692e-01 2.19468191e-01 2.45103031e-01
    1.53633729e-01</data></per_view_reprojection_errors>
<!-- a set of 6-tuples (rotation vector + translation vector) for each view -->
<extrinsic_parameters type_id="opencv-matrix">
  <rows>25</rows>
  <cols>6</cols>
  <dt>d</dt>
  <data>
    -2.9384542821300874e+00 -1.4161777997961630e-02
    1.2420947081704113e-01 -1.1244924731415784e+02
    1.9216135190569474e+01 5.2313109189665795e+02
    -3.0131942472638187e+00 3.5906805777798693e-02
    2.3895879289168340e-02 -1.4873518697868658e+02
    -3.3825750243595061e+00 6.1650796927080125e+02
    -2.6869316943828938e+00 -1.1780895451250408e-02
    -2.2941352372564405e-01 -8.7822546867302890e+01
    -1.2138457762515301e+01 6.1941102669483541e+02
    2.8267085384627975e+00 1.4334409130615725e-01
    -7.4041612350279645e-02 -8.9557193328861828e+01
    6.5633420836123690e+01 5.7835189559065577e+02
    -2.9874028951510385e+00 -5.7845787022729554e-03
    -2.5597308820773973e-01 -1.4894815936290232e+02
    1.5838073261915767e+02 6.2925493428319930e+02
    -2.4393902284885209e+00 3.5531500831500312e-01
    -3.2133810608050134e-01 -1.0512551773774815e+02
    1.3741673728534519e+01 6.6919247150221315e+02
    -2.6766922769048875e+00 3.3783408885300059e-01
    -2.7382670900978257e-01 -7.4383884256199963e+01
    -6.7664518750146803e+00 6.2220486376485871e+02
    2.9331749669293234e+00 1.6428606998755491e-01
    -6.2867997226106337e-02 6.6175665236168598e+01
    -1.0340314990193667e+02 6.4031815138850334e+02
    -2.4403907214203580e+00 -2.1536065017549061e-01
    9.5424299804941115e-01 8.5892084498379788e+01
    -1.0513257638590613e+02 7.1435809581359717e+02
    2.9768744701641370e+00 -2.5730182449555151e-02
    -4.7338690800823979e-01 3.4187912159380446e+01
    4.7327811566236292e+01 5.7862020968081072e+02
    -2.7338953931666077e+00 1.0855163445454366e-01
    4.9073790425604100e-02 3.2952215331975353e+01 1.4116701727552353e+02
    6.2894930306429001e+02 -2.5850186118177683e+00
    1.1026726994740482e-01 -1.4951351871934096e-01
    -2.1491143295608563e+02 -3.0067755818838965e+01
    7.1726002211127889e+02 3.1328661669280060e+00 1.8538785724068763e-01
    -4.2105033670010450e-01 -2.1665398701235117e+02
    -1.0750109063827037e+02 7.1881931493218417e+02
    -2.9511332312567449e+00 5.0099848689836368e-01
    -2.8703590392081413e-01 -2.0199721856817465e+02
    1.3529999359708947e+02 7.0307997332724938e+02 3.0147481306778654e+00
    3.4072080931328708e-01 -1.6273310389140125e-01
    -2.7983762917588598e+02 9.6391453027267843e+01
    7.3593606111400061e+02 2.8959154509218088e+00
    -4.6169221311461850e-01 -2.9056001179508534e-03
    -1.7554607822510582e+02 1.9913934044991163e+02
    6.9601431591741027e+02 -2.9757541482760690e+00
    -1.0252479470762103e-01 -1.3630812204205206e-01
    -3.2264623705543528e+02 1.1725970008983563e+02
    7.6712055334648198e+02 -2.9163765765805589e+00
    1.7906528020963405e-01 -1.3162465275675167e-01
    -3.2807442229021649e+02 2.2759365026571999e+02
    8.1870674165702906e+02 -2.4572325246348292e+00
    -2.4728792312930914e-01 2.9044531826717408e-02
    -3.4526311851537008e+02 -5.9010606608775539e+01
    8.4001451995941954e+02 -2.7008063766228365e+00
    1.5196129023136204e-01 -3.0700068832973693e-01
    -3.1008197068366633e+02 -1.1809245520885774e+02
    7.7106619857659257e+02 -2.8968499673703105e+00
    1.3389000989752833e-02 2.5659547573256536e-01
    -4.3817297802727701e+01 -5.8414246177124767e+01
    9.3549889681738898e+02 -2.6621842694493796e+00
    3.1240489141427685e-01 -8.2126771108312013e-02
    4.5859816413316715e+01 -1.5541443687216113e+02
    9.3460967052989884e+02 -2.3342423148470282e+00
    1.7591008546311343e-01 -7.0746142078005989e-02
    -2.8990082884817443e+01 1.2792603410327045e+01
    9.7361822967412661e+02 -2.6699588815394013e+00
    -4.3720914261977656e-01 1.8581124362370863e-03
    -7.4224402184722209e+01 3.9707878203340996e+01
    9.6522361131189768e+02 -3.1056977548335452e+00
    4.5455033497306857e-01 -4.4504380820027549e-02
    6.7593886984229172e+01 2.6053787536069348e+02 9.1214696147935308e+02</data></extrinsic_parameters>
